[gd_scene load_steps=14 format=3]

[ext_resource type="PackedScene" path="res://source/match/Map.tscn" id="1_map"]
[ext_resource type="Material" path="res://source/match/resources/materials/terrain.material.tres" id="2_terrain"]
[ext_resource type="PackedScene" path="res://source/match/units/non-player/ResourceA.tscn" id="3_resource_a"]
[ext_resource type="PackedScene" path="res://source/match/units/non-player/ResourceB.tscn" id="4_resource_b"]
[ext_resource type="PackedScene" path="res://source/match/decorations/RockLargeA.tscn" id="5_rock"]
[ext_resource type="PackedScene" path="res://source/match/players/Player.tscn" id="6_neutral_player"]
[ext_resource type="PackedScene" path="res://source/match/units/TechOilDerrick.tscn" id="7_oil_derrick"]
[ext_resource type="PackedScene" path="res://source/match/units/TechAirport.tscn" id="8_tech_airport"]
[ext_resource type="PackedScene" path="res://source/match/units/TechHospital.tscn" id="9_tech_hospital"]
[ext_resource type="PackedScene" path="res://source/match/units/non-player/SupplyCrate.tscn" id="10_supply_crate"]
[ext_resource type="PackedScene" path="res://source/match/units/TechRepairDepot.tscn" id="11_tech_repair_depot"]
[ext_resource type="PackedScene" path="res://source/match/units/TechBunker.tscn" id="12_tech_bunker"]

[sub_resource type="PlaneMesh" id="PlaneMesh_tech_divide"]
resource_local_to_scene = true
material = ExtResource("2_terrain")
size = Vector2(88, 88)
center_offset = Vector3(42, 0, 42)

[node name="Map" instance=ExtResource("1_map")]
size = Vector2(84, 84)

[node name="Terrain" parent="Geometry" index="1"]
mesh = SubResource("PlaneMesh_tech_divide")

[node name="Marker3D" type="Marker3D" parent="SpawnPoints" index="0"]
transform = Transform3D(-0.707107, 0, -0.707107, 0, 1, 0, 0.707107, 0, -0.707107, 10, 0, 16)

[node name="Marker3D2" type="Marker3D" parent="SpawnPoints" index="1"]
transform = Transform3D(0, 0, -1, 0, 1, 0, 1, 0, 0, 10, 0, 42)

[node name="Marker3D3" type="Marker3D" parent="SpawnPoints" index="2"]
transform = Transform3D(0.707107, 0, -0.707107, 0, 1, 0, 0.707107, 0, 0.707107, 10, 0, 68)

[node name="Marker3D4" type="Marker3D" parent="SpawnPoints" index="3"]
transform = Transform3D(-0.707107, 0, 0.707107, 0, 1, 0, -0.707107, 0, -0.707107, 74, 0, 16)

[node name="Marker3D5" type="Marker3D" parent="SpawnPoints" index="4"]
transform = Transform3D(0, 0, 1, 0, 1, 0, -1, 0, 0, 74, 0, 42)

[node name="Marker3D6" type="Marker3D" parent="SpawnPoints" index="5"]
transform = Transform3D(0.707107, 0, 0.707107, 0, 1, 0, -0.707107, 0, 0.707107, 74, 0, 68)

[node name="WestNorthOre" type="Node3D" parent="Resources" index="0"]

[node name="ResourceA" parent="Resources/WestNorthOre" index="0" instance=ExtResource("3_resource_a")]
transform = Transform3D(0.866025, 0, -0.5, 0, 1, 0, 0.5, 0, 0.866025, 15, 0, 12)

[node name="ResourceA2" parent="Resources/WestNorthOre" index="1" instance=ExtResource("3_resource_a")]
transform = Transform3D(0.5, 0, -0.866025, 0, 1, 0, 0.866025, 0, 0.5, 18, 0, 15)
resource_a = 5

[node name="ResourceA3" parent="Resources/WestNorthOre" index="2" instance=ExtResource("3_resource_a")]
transform = Transform3D(0.173648, 0, -0.984808, 0, 1, 0, 0.984808, 0, 0.173648, 14, 0, 18)

[node name="ResourceB" parent="Resources/WestNorthOre" index="3" instance=ExtResource("4_resource_b")]
transform = Transform3D(0.707107, 0, -0.707107, 0, 1, 0, 0.707107, 0, 0.707107, 21, 0, 20)

[node name="WestCenterOre" type="Node3D" parent="Resources" index="1"]

[node name="ResourceA" parent="Resources/WestCenterOre" index="0" instance=ExtResource("3_resource_a")]
transform = Transform3D(1, 0, 0, 0, 1, 0, 0, 0, 1, 14, 0, 38)

[node name="ResourceA2" parent="Resources/WestCenterOre" index="1" instance=ExtResource("3_resource_a")]
transform = Transform3D(0.866025, 0, -0.5, 0, 1, 0, 0.5, 0, 0.866025, 18, 0, 42)
resource_a = 5

[node name="ResourceA3" parent="Resources/WestCenterOre" index="2" instance=ExtResource("3_resource_a")]
transform = Transform3D(0.866025, 0, 0.5, 0, 1, 0, -0.5, 0, 0.866025, 14, 0, 46)

[node name="ResourceB" parent="Resources/WestCenterOre" index="3" instance=ExtResource("4_resource_b")]
transform = Transform3D(0.707107, 0, 0.707107, 0, 1, 0, -0.707107, 0, 0.707107, 22, 0, 42)

[node name="WestSouthOre" type="Node3D" parent="Resources" index="2"]

[node name="ResourceA" parent="Resources/WestSouthOre" index="0" instance=ExtResource("3_resource_a")]
transform = Transform3D(-0.173648, 0, -0.984808, 0, 1, 0, 0.984808, 0, -0.173648, 14, 0, 66)

[node name="ResourceA2" parent="Resources/WestSouthOre" index="1" instance=ExtResource("3_resource_a")]
transform = Transform3D(-0.5, 0, -0.866025, 0, 1, 0, 0.866025, 0, -0.5, 18, 0, 69)
resource_a = 5

[node name="ResourceA3" parent="Resources/WestSouthOre" index="2" instance=ExtResource("3_resource_a")]
transform = Transform3D(-0.866025, 0, -0.5, 0, 1, 0, 0.5, 0, -0.866025, 15, 0, 72)

[node name="ResourceB" parent="Resources/WestSouthOre" index="3" instance=ExtResource("4_resource_b")]
transform = Transform3D(-0.707107, 0, -0.707107, 0, 1, 0, 0.707107, 0, -0.707107, 21, 0, 64)

[node name="EastNorthOre" type="Node3D" parent="Resources" index="3"]

[node name="ResourceA" parent="Resources/EastNorthOre" index="0" instance=ExtResource("3_resource_a")]
transform = Transform3D(0.173648, 0, 0.984808, 0, 1, 0, -0.984808, 0, 0.173648, 70, 0, 12)

[node name="ResourceA2" parent="Resources/EastNorthOre" index="1" instance=ExtResource("3_resource_a")]
transform = Transform3D(0.5, 0, 0.866025, 0, 1, 0, -0.866025, 0, 0.5, 66, 0, 15)
resource_a = 5

[node name="ResourceA3" parent="Resources/EastNorthOre" index="2" instance=ExtResource("3_resource_a")]
transform = Transform3D(0.866025, 0, 0.5, 0, 1, 0, -0.5, 0, 0.866025, 69, 0, 18)

[node name="ResourceB" parent="Resources/EastNorthOre" index="3" instance=ExtResource("4_resource_b")]
transform = Transform3D(0.707107, 0, 0.707107, 0, 1, 0, -0.707107, 0, 0.707107, 63, 0, 20)

[node name="EastCenterOre" type="Node3D" parent="Resources" index="4"]

[node name="ResourceA" parent="Resources/EastCenterOre" index="0" instance=ExtResource("3_resource_a")]
transform = Transform3D(-1, 0, 0, 0, 1, 0, 0, 0, -1, 70, 0, 38)

[node name="ResourceA2" parent="Resources/EastCenterOre" index="1" instance=ExtResource("3_resource_a")]
transform = Transform3D(-0.866025, 0, 0.5, 0, 1, 0, -0.5, 0, -0.866025, 66, 0, 42)
resource_a = 5

[node name="ResourceA3" parent="Resources/EastCenterOre" index="2" instance=ExtResource("3_resource_a")]
transform = Transform3D(-0.866025, 0, -0.5, 0, 1, 0, 0.5, 0, -0.866025, 70, 0, 46)

[node name="ResourceB" parent="Resources/EastCenterOre" index="3" instance=ExtResource("4_resource_b")]
transform = Transform3D(-0.707107, 0, -0.707107, 0, 1, 0, 0.707107, 0, -0.707107, 62, 0, 42)

[node name="EastSouthOre" type="Node3D" parent="Resources" index="5"]

[node name="ResourceA" parent="Resources/EastSouthOre" index="0" instance=ExtResource("3_resource_a")]
transform = Transform3D(-0.866025, 0, 0.5, 0, 1, 0, -0.5, 0, -0.866025, 69, 0, 66)

[node name="ResourceA2" parent="Resources/EastSouthOre" index="1" instance=ExtResource("3_resource_a")]
transform = Transform3D(-0.5, 0, 0.866025, 0, 1, 0, -0.866025, 0, -0.5, 66, 0, 69)
resource_a = 5

[node name="ResourceA3" parent="Resources/EastSouthOre" index="2" instance=ExtResource("3_resource_a")]
transform = Transform3D(-0.173648, 0, 0.984808, 0, 1, 0, -0.984808, 0, -0.173648, 70, 0, 72)

[node name="ResourceB" parent="Resources/EastSouthOre" index="3" instance=ExtResource("4_resource_b")]
transform = Transform3D(-0.707107, 0, 0.707107, 0, 1, 0, -0.707107, 0, -0.707107, 63, 0, 64)

[node name="CenterOre" type="Node3D" parent="Resources" index="6"]

[node name="ResourceA" parent="Resources/CenterOre" index="0" instance=ExtResource("3_resource_a")]
transform = Transform3D(1, 0, 0, 0, 1, 0, 0, 0, 1, 38, 0, 42)
resource_a = 5

[node name="ResourceA2" parent="Resources/CenterOre" index="1" instance=ExtResource("3_resource_a")]
transform = Transform3D(-1, 0, 0, 0, 1, 0, 0, 0, -1, 46, 0, 42)
resource_a = 5

[node name="ResourceB" parent="Resources/CenterOre" index="2" instance=ExtResource("4_resource_b")]
transform = Transform3D(0.707107, 0, -0.707107, 0, 1, 0, 0.707107, 0, 0.707107, 42, 0, 38)

[node name="ResourceB2" parent="Resources/CenterOre" index="3" instance=ExtResource("4_resource_b")]
transform = Transform3D(-0.707107, 0, 0.707107, 0, 1, 0, -0.707107, 0, -0.707107, 42, 0, 46)

[node name="CenterRocks" type="Node3D" parent="Decorations" index="0"]

[node name="RockLargeA" parent="Decorations/CenterRocks" index="0" instance=ExtResource("5_rock")]
transform = Transform3D(1.5, 0, 0.25, 0, 1.5, 0, -0.25, 0, 1.5, 34, 0, 34)

[node name="RockLargeA2" parent="Decorations/CenterRocks" index="1" instance=ExtResource("5_rock")]
transform = Transform3D(1.5, 0, -0.25, 0, 1.5, 0, 0.25, 0, 1.5, 50, 0, 34)

[node name="RockLargeA3" parent="Decorations/CenterRocks" index="2" instance=ExtResource("5_rock")]
transform = Transform3D(1.5, 0, -0.25, 0, 1.5, 0, 0.25, 0, 1.5, 50, 0, 50)

[node name="RockLargeA4" parent="Decorations/CenterRocks" index="3" instance=ExtResource("5_rock")]
transform = Transform3D(1.5, 0, 0.25, 0, 1.5, 0, -0.25, 0, 1.5, 34, 0, 50)

[node name="SupplyCrates" type="Node3D" parent="."]

[node name="NorthResourceCrate" parent="SupplyCrates" instance=ExtResource("10_supply_crate")]
transform = Transform3D(0.92388, 0, -0.382683, 0, 1, 0, 0.382683, 0, 0.92388, 42, 0, 22)

[node name="SouthRepairCrate" parent="SupplyCrates" instance=ExtResource("10_supply_crate")]
transform = Transform3D(-0.92388, 0, 0.382683, 0, 1, 0, -0.382683, 0, -0.92388, 42, 0, 62)
effect_type = "repair"

[node name="WestVeterancyCrate" parent="SupplyCrates" instance=ExtResource("10_supply_crate")]
transform = Transform3D(0.382683, 0, -0.92388, 0, 1, 0, 0.92388, 0, 0.382683, 26, 0, 42)
effect_type = "veterancy"

[node name="EastResourceCrate" parent="SupplyCrates" instance=ExtResource("10_supply_crate")]
transform = Transform3D(-0.382683, 0, 0.92388, 0, 1, 0, -0.92388, 0, -0.382683, 58, 0, 42)

[node name="NorthWestRepairCrate" parent="SupplyCrates" instance=ExtResource("10_supply_crate")]
transform = Transform3D(0.707107, 0, -0.707107, 0, 1, 0, 0.707107, 0, 0.707107, 30, 0, 30)
effect_type = "repair"

[node name="SouthEastVeterancyCrate" parent="SupplyCrates" instance=ExtResource("10_supply_crate")]
transform = Transform3D(-0.707107, 0, 0.707107, 0, 1, 0, -0.707107, 0, -0.707107, 54, 0, 54)
effect_type = "veterancy"

[node name="NeutralPlayers" type="Node3D" parent="."]

[node name="NeutralTech" parent="NeutralPlayers" instance=ExtResource("6_neutral_player")]
color = Color(0.56, 0.56, 0.56, 1)
participates_in_match = false

[node name="NorthOilDerrick" parent="NeutralPlayers/NeutralTech" instance=ExtResource("7_oil_derrick")]
transform = Transform3D(0, 0, -1, 0, 1, 0, 1, 0, 0, 42, 0, 16)

[node name="SouthOilDerrick" parent="NeutralPlayers/NeutralTech" instance=ExtResource("7_oil_derrick")]
transform = Transform3D(0, 0, 1, 0, 1, 0, -1, 0, 0, 42, 0, 68)

[node name="WestOilDerrick" parent="NeutralPlayers/NeutralTech" instance=ExtResource("7_oil_derrick")]
transform = Transform3D(0.707107, 0, -0.707107, 0, 1, 0, 0.707107, 0, 0.707107, 30, 0, 42)

[node name="EastOilDerrick" parent="NeutralPlayers/NeutralTech" instance=ExtResource("7_oil_derrick")]
transform = Transform3D(-0.707107, 0, 0.707107, 0, 1, 0, -0.707107, 0, -0.707107, 54, 0, 42)

[node name="NorthTechAirport" parent="NeutralPlayers/NeutralTech" instance=ExtResource("8_tech_airport")]
transform = Transform3D(0, 0, -1, 0, 1, 0, 1, 0, 0, 42, 0, 28)

[node name="SouthTechAirport" parent="NeutralPlayers/NeutralTech" instance=ExtResource("8_tech_airport")]
transform = Transform3D(0, 0, 1, 0, 1, 0, -1, 0, 0, 42, 0, 56)

[node name="NorthWestTechHospital" parent="NeutralPlayers/NeutralTech" instance=ExtResource("9_tech_hospital")]
transform = Transform3D(0.707107, 0, -0.707107, 0, 1, 0, 0.707107, 0, 0.707107, 24, 0, 30)

[node name="SouthEastTechHospital" parent="NeutralPlayers/NeutralTech" instance=ExtResource("9_tech_hospital")]
transform = Transform3D(-0.707107, 0, 0.707107, 0, 1, 0, -0.707107, 0, -0.707107, 60, 0, 54)

[node name="SouthWestTechRepairDepot" parent="NeutralPlayers/NeutralTech" instance=ExtResource("11_tech_repair_depot")]
transform = Transform3D(0.92388, 0, -0.382683, 0, 1, 0, 0.382683, 0, 0.92388, 24, 0, 54)

[node name="NorthEastTechRepairDepot" parent="NeutralPlayers/NeutralTech" instance=ExtResource("11_tech_repair_depot")]
transform = Transform3D(-0.92388, 0, 0.382683, 0, 1, 0, -0.382683, 0, -0.92388, 60, 0, 30)

[node name="NorthWestTechBunker" parent="NeutralPlayers/NeutralTech" instance=ExtResource("12_tech_bunker")]
transform = Transform3D(0.92388, 0, -0.382683, 0, 1, 0, 0.382683, 0, 0.92388, 36, 0, 36)

[node name="NorthEastTechBunker" parent="NeutralPlayers/NeutralTech" instance=ExtResource("12_tech_bunker")]
transform = Transform3D(0.382683, 0, -0.92388, 0, 1, 0, 0.92388, 0, 0.382683, 48, 0, 36)

[node name="SouthEastTechBunker" parent="NeutralPlayers/NeutralTech" instance=ExtResource("12_tech_bunker")]
transform = Transform3D(-0.92388, 0, 0.382683, 0, 1, 0, -0.382683, 0, -0.92388, 48, 0, 48)

[node name="SouthWestTechBunker" parent="NeutralPlayers/NeutralTech" instance=ExtResource("12_tech_bunker")]
transform = Transform3D(-0.382683, 0, 0.92388, 0, 1, 0, -0.92388, 0, -0.382683, 36, 0, 48)
